57.600199999999994
57.600199999999994
57.600199999999994
57.600199999999994
57.600199999999994
57.600199999999994
57.600199999999994
57.41556666666666
57.1733
56.9718
56.82366666666667
56.73316666666666
56.6019
56.52023333333334
56.44886666666667
56.44573333333332
56.58
56.64713333333333
56.646033333333335
56.58919999999999
56.601499999999994
56.54226666666666
56.47546666666666
56.24303333333333
56.0488
55.86213333333333
55.8288
55.9828
56.137
56.255399999999995
56.24556666666666
56.162033333333326
56.1143
56.04079999999999
56.23646666666666
56.6294
56.933566666666664
57.28216666666666
57.59956666666667
58.00573333333333
58.1718
58.12023333333333
57.986333333333334
57.79236666666666
57.31726666666667
56.845699999999994
56.434200000000004
56.3554
56.351533333333336
56.40643333333333
56.50586666666666
56.64486666666666
56.7251
56.7608
56.7608
56.4808
56.11776666666667
55.9889
56.15976666666666
56.48973333333333
56.58553333333333
56.6616
56.80773333333333
56.75523333333333
56.80173333333333
56.7021
56.80109999999999
56.80109999999999
56.80109999999999
56.73813333333333
56.78306666666667
56.82843333333334
56.963966666666664
57.15006666666666
57.33573333333332
57.49419999999999
57.51349999999999
57.58319999999999
57.58359999999999
57.34593333333332
57.147233333333325
57.017833333333336
57.1072
57.072766666666666
57.09526666666667
57.24613333333333
57.49903333333333
57.52909999999999
