58.513360000000006
58.70280000000001
58.694680000000005
58.66594
58.53656
58.520939999999996
58.58244
58.75852
58.9494
59.12334
59.14778
59.12686
58.93212
58.67552
58.435860000000005
58.23194
57.86632000000001
57.66404000000001
57.60436000000001
57.522040000000004
57.420100000000005
57.448100000000004
57.486580000000004
57.36404
57.24676000000001
57.16664
56.957280000000004
56.66446
56.45192000000001
56.25676000000001
56.07986000000001
56.11534
56.10202
56.19728
56.38918
56.54528
56.61824
56.91736
57.02102000000001
56.98812
56.92448
56.79936000000001
56.58033999999999
56.4482
56.34718000000001
56.22266000000001
56.19882000000001
56.22322
56.21046
56.20649999999999
56.25677999999999
56.2376
56.123360000000005
56.13984
56.28784
56.43846
56.61934
56.84704
56.98118
56.9774
56.99918
57.1167
57.427580000000006
57.73846
58.05574
58.344840000000005
58.5382
58.44704000000001
58.16262000000001
57.88778000000001
57.61294
57.338100000000004
57.02678
56.85562
56.770480000000006
56.831340000000004
56.830580000000005
56.957460000000005
57.137440000000005
57.08954
56.90692
56.72974
56.51172
56.43088
56.482319999999994
56.522479999999995
56.60974
56.69908000000001
56.6854
56.641659999999995
56.62798000000001
56.62338
56.65754
56.64306
56.67054000000001
56.650580000000005
56.71020000000001
56.77308000000001
56.850440000000006
56.91590000000001
56.99874000000001
56.983520000000006
56.989180000000005
57.07752
57.225280000000005
57.37304
57.539280000000005
57.72492000000001
57.95190000000001
58.40374
58.885220000000004
59.26834
59.60792000000001
59.82348
59.623760000000004
59.37098
59.348
59.23382
