57.6002
57.6002
57.6002
57.6002
57.6002
57.6002
57.6002
57.6002
57.6002
57.0463
56.8734
56.9957
56.6019
56.6019
56.6019
56.3569
56.3878
56.5925
56.7597
56.5892
56.5892
56.5892
56.6261
56.4115
56.3888
55.9288
55.8288
55.8288
55.8288
56.2908
56.2914
56.1840
56.2613
56.0408
56.0408
56.0408
56.6278
57.2196
56.9533
57.6736
58.1718
58.1718
58.1718
58.0171
57.7701
57.5899
56.5918
56.3554
56.3554
56.3554
56.3438
56.5201
56.6537
56.7608
56.7608
56.7608
56.7608
55.9208
55.6717
56.3742
56.4334
56.6616
56.6616
56.6616
57.1000
56.5041
56.8011
56.8011
56.8011
56.8011
56.8011
56.6122
56.9359
56.9372
57.0188
57.4942
57.4942
57.4942
57.5521
57.7033
57.4954
56.8391
57.1072
57.1072
57.1072
57.0039
57.1747
57.5598
57.7626
57.2649
