57.9627
58.3776
58.4067
58.9099
58.9099
58.9099
58.3370
58.2630
58.2630
58.8318
59.2174
59.2174
59.2174
59.1327
58.9540
59.1128
58.2437
57.9344
57.9344
57.9344
57.2847
57.2323
57.6360
57.5228
57.4247
57.4247
57.4247
57.0233
56.9364
57.0241
56.3779
55.9606
55.9606
55.9606
56.1396
56.5553
55.8940
56.4369
56.9201
56.9201
56.9201
57.3896
56.9552
56.7556
56.6019
56.2945
56.2945
56.2945
56.2505
55.9793
56.1753
56.4165
56.2307
56.2307
56.2307
56.0794
55.8453
56.3131
56.9707
56.9838
56.9838
56.9838
56.9838
56.9518
57.0927
57.5714
58.5382
58.5382
58.5382
58.5382
58.5382
58.0824
57.1161
57.1640
57.1640
57.1640
56.5258
56.2603
56.7383
57.4683
57.1602
57.1602
57.1602
56.4988
56.5552
56.2743
56.0701
56.7560
56.7560
56.7560
56.7106
56.5168
56.6876
56.5373
56.6876
56.6876
56.6876
56.6152
56.6747
56.5878
56.9857
57.0020
57.0020
57.0020
57.0020
56.9096
57.0303
57.4437
57.7408
57.7408
57.7408
57.9585
58.5786
60.0000
60.1482
59.6564
59.6564
59.6564
59.0014
58.8843
59.5415
59.0855
